mAP50-95: 0.6365905838906006
mAP50: 0.871953014207735
mAP75: 0.6888007508259661